	GCF_000495755.1:497	GCF_000797385.1:498	GCF_000800535.1:499	GCF_010523235.1:500	GCF_013363465.1:501	GCF_013363485.1:502	GCF_013363585.1:503	GCF_015601545.1:504	GCF_018638335.1:505
GCF_000495755.1:497	7106149	6479428	5926587	6607544	5880048	5980068	5973662	5964582	6453955
GCF_000797385.1:498	6479428	7037644	5915403	6617923	5865056	5934160	5929013	5858636	6528781
GCF_000800535.1:499	5926587	5915403	7207169	5940707	6438999	6837520	6829160	6559135	5898628
GCF_010523235.1:500	6607544	6617923	5940707	7086150	5884736	5951262	5943139	5936115	6555197
GCF_013363465.1:501	5880048	5865056	6438999	5884736	6818716	6786112	6777779	6504476	5837612
GCF_013363485.1:502	5980068	5934160	6837520	5951262	6786112	7231715	7246551	6613195	5901548
GCF_013363585.1:503	5973662	5929013	6829160	5943139	6777779	7246551	7222717	6605398	5898155
GCF_015601545.1:504	5964582	5858636	6559135	5936115	6504476	6613195	6605398	6796629	5860953
GCF_018638335.1:505	6453955	6528781	5898628	6555197	5837612	5901548	5898155	5860953	6877037
