	GCF_000148465.1:157	GCF_000163875.1:158	GCF_001693675.1:159	GCF_003454755.1:160	GCF_005519465.1:161	GCF_015708605.1:162	GCF_015767735.1:163	GCF_015767755.1:164	GCF_015767775.1:165	GCF_015767795.1:166	GCF_015767815.1:167	GCF_015767855.1:168	GCF_015767875.1:169	GCF_015767895.1:170	GCF_015767915.1:171	GCF_015767935.1:172	GCF_015912395.1:173	GCF_015912435.1:174	GCF_015912455.1:175	GCF_015912465.1:176	GCF_015912875.1:177	GCF_015912895.1:178	GCF_015912925.1:179	GCF_015912945.1:180	GCF_015912975.1:181	GCF_015912985.1:182	GCF_015912995.1:183
GCF_000148465.1:157	1.0	0.9366974518000001	0.8242132884000001	0.8440734582	0.9374555963000001	0.9568460271	0.8272624904	0.8248235663	0.8220498643	0.8296997739	0.8270265819	0.8242585671	0.828588587	0.8276029554000001	0.8241783998000001	0.8260670894000001	0.9670914769000001	0.9637605410000001	0.7143715844	0.7088194776000001	0.9643548510000001	0.9633015201	0.9154695159	0.9637097938	0.7223993632	0.6939621645	0.7123669638
GCF_000163875.1:158	1.0008981065	1.0	0.8669349806000001	0.8922809824	0.9963309108	0.9987245369000001	0.8658060660000001	0.8632178599	0.8630498083	0.8705622322000001	0.8692589552000001	0.8639858958000001	0.8694184758	0.8689872444000001	0.8646872018	0.8644839739	0.9675250079000001	0.9622132662	0.7439073673000001	0.7377634309000001	0.9632295231	0.9620537457	0.9573207188	0.9631332264	0.7525925301	0.7223905596	0.7416052464
GCF_001693675.1:159	0.9927983477000001	0.9772764459000001	1.0	1.0023473282	0.9918283523	1.0026851073	1.0007567097	1.0063093831	0.9997457434	1.0035361422	1.003104433	0.9997745943	1.0049863268	1.0037989618	1.002297399	1.0019407811	0.9547806688	0.9490622676	0.8455852499000001	0.8388218937	0.9499317459000001	0.9494482633	0.9440004542	0.9520617045	0.8553643786	0.8222321144	0.8430368878000001
GCF_003454755.1:160	0.9576326214	0.9473921797	0.9440945512000001	1.0	0.9369978751	0.9579556093	0.9488597087	0.9521283018000001	0.9487418299	0.94975323	0.9491960976	0.9460657329000001	0.9534326617000001	0.9498220961	0.9504513207	0.9481200503	0.9127018132	0.907410668	0.8096127061	0.8031033146000001	0.9079975804	0.9077151676	0.9026505979	0.9102009213000001	0.8188236316	0.7876243389	0.8072031393
GCF_005519465.1:161	1.0032095885	0.9978242260000001	0.881162596	0.8838140206	1.0	1.0092459275	0.8844843088000001	0.8892704264	0.8840422486	0.8893799758	0.8855765263	0.8849786858	0.8882199922	0.8876469642	0.8858140005	0.8854787978	0.9722220727	0.9667648476	0.7470616518000001	0.7409465448	0.9676750679	0.9665926818	0.9622084796	0.9676620764	0.7557389989000001	0.7262961773000001	0.7447689548
GCF_015708605.1:162	1.0050547962	0.9817544385	0.8743610711	0.8868994378	0.9906123080000001	1.0	0.8775473583000001	0.8777301310000001	0.8720723343000001	0.8778415638	0.8772992194	0.8743919735000001	0.8766424555000001	0.877904977	0.8766116679	0.8763056299	0.9721549094	0.9666808045	0.7510022629	0.7449459505	0.9673891491000001	0.9665460512	0.9621511207000001	0.9677125338	0.7594214090000001	0.7301576762	0.7487625796
GCF_015767735.1:163	0.9967132324	0.9762408724	1.0009997477	1.0076511596	0.9958090188000001	1.0065834181	1.0	1.0048652541	0.9988126102	1.0013045343	1.0021879281	0.9990181732000001	1.0033991684	1.0017196134	1.0000047438	1.0011078	0.9533037331	0.9476519371000001	0.8457205015	0.8388786803	0.9484152873	0.9481355372	0.9426470055	0.9506241670000001	0.8555195308	0.8224531438	0.84317297
GCF_015767755.1:164	0.9839088294	0.9636596738000001	0.9965609965000001	1.0010841472	0.9912579382000001	0.9967979172	0.9948892441	1.0	0.9954610633000001	0.9927304736	0.9915951849	0.993540779	0.9934778959	0.9928497167	0.9956129221000001	0.9927377795000001	0.9394250054000001	0.9352838502	0.8360933859	0.8284412116000001	0.9346263169000001	0.9346361016	0.9291420456	0.9373655172	0.8459536457	0.8129356892	0.8343394419
GCF_015767775.1:165	0.9905416151	0.9732398780000001	1.0000983121	1.0076365806	0.9954205819	1.0004131479	0.9989222573000001	1.005553182	1.0	1.0018587042	1.003353153	1.00267762	1.0033787194	1.0025637572	0.9992431553000001	1.0016510101	0.9523900770000001	0.9467377922	0.8453215187	0.8384780238	0.9474999084	0.9472731054	0.9417319159	0.9497104802	0.8551205693	0.8220509478	0.8427727850000001
GCF_015767795.1:166	0.9753046470000001	0.9576980762	0.9793341669000001	0.9840369662	0.9769350708000001	0.9823987002000001	0.9769191291	0.9782658164	0.9773525117	1.0	0.9730600824000001	0.9750381379	0.97567452	0.9757656705000001	0.9784500458000001	0.9744146121	0.9311628719	0.9255943359000001	0.8252363677000001	0.8185603983	0.9263171116000001	0.9260588305	0.9207307055	0.9284937955	0.8347954694	0.8025351405000001	0.8227506208
GCF_015767815.1:167	0.9705852341000001	0.9547130433000001	0.9773248184000001	0.9818642957	0.9711791256000001	0.9801990377	0.9761947944	0.9755618834	0.9772225206	0.9714815264000001	1.0	0.9737509442000001	0.9729620837	0.9721804111000001	0.9764936013000001	0.9717759693	0.926032331	0.9206369926	0.8248999324	0.818221316	0.9239075675	0.9210714691	0.9157089893	0.9234670584	0.8344355688	0.7986160928	0.8224171912
GCF_015767855.1:168	0.9960341050000001	0.9770726652	1.0029779896	1.0076584805	0.9993154047	1.0059333796	1.0019758108	1.0064741835	1.0055357064	1.0023352894	1.0026385995	1.0	1.0026593488	1.0026404498	1.0047855591	1.0000019824	0.9529406805	0.9472742666	0.8466807833000001	0.8398197638	0.9480411984	0.9477599592	0.942255575	0.9502559567000001	0.8565096159000001	0.8233424269	0.8441287494
GCF_015767875.1:169	0.9960552719	0.9780990287	1.0029590719	1.0102196907	0.9977553546000001	1.0032734248	1.001131986	1.0011724798	1.0010016959	0.9977692907000001	0.9966121933000001	0.9974408702	1.0	0.9981396513	1.0020908216	0.9969531038	0.9519855179000001	0.9463428109	0.8438571878000001	0.8370295109	0.947108512	0.9468254497	0.9413523433000001	0.9493151616000001	0.8536336817	0.8206416139	0.8413147551
GCF_015767895.1:170	0.9960411527	0.9787643042	1.0029529452	1.0075783572	0.9982850173000001	1.0059006252	1.0006323415	1.0017168255	1.0013656417	0.9990367454	0.9969833468	0.9985957912000001	0.9993142175	1.0	1.0020882801	0.9975646166000001	0.9526190112	0.9470518	0.8469416404000001	0.8401735859	0.950411871	0.9474864361	0.9418926359	0.9499520939	0.8567202933	0.8199893355000001	0.8443909508
GCF_015767915.1:171	0.9562714695000001	0.9389197462000001	0.9654619009000001	0.9720109589	0.960420767	0.9683214113	0.9630196298	0.9684042754000001	0.9621805829000001	0.9657824442	0.9654174867	0.9647673904	0.967213976	0.9660746894000001	1.0	0.9643314971	0.9195264943	0.9140517514000001	0.8145212725000001	0.8080139638	0.9147935947	0.9145089634	0.9091243178	0.9169122770000001	0.8239569969	0.7921142028	0.8120678344000001
GCF_015767935.1:172	0.9960264660000001	0.9754881004	1.0029428311	1.0076279405	0.9976834239000001	1.0059200804	1.0018657095	1.0034513253	1.0022993011	0.9994936157000001	0.9984067358000001	0.9978050088	0.9999672960000001	0.9994046029	1.0021250996	1.0	0.9528504819	0.9471946707000001	0.8464532134	0.8396070036000001	0.9479578076	0.9476786369	0.9421854226	0.9501690189	0.85625887	0.8231691637	0.8439044126
GCF_015912395.1:173	0.9983991706	0.9347776628000001	0.8183118487000001	0.8305138540000001	0.9379099952000001	0.9554862618000001	0.8168476397000001	0.8130270117	0.8159751888000001	0.8177922397	0.8146078561000001	0.8141262975	0.8175654047	0.8171478658	0.8181650665	0.815841617	1.0	0.9874007795	0.7324328508	0.7267433464	0.9871711218	0.9867145162000001	0.939578796	0.9875659659	0.7408811833000001	0.7140627182	0.730274249
GCF_015912435.1:174	0.9974320612	0.9319551107	0.8154314481	0.8277503556	0.9349622263	0.9524662490000001	0.8140220077	0.8114538425000001	0.8131475027	0.8149210750000001	0.8118735506	0.8112957163000001	0.8147383865000001	0.8143904408	0.8153141834000001	0.8130137123000001	0.9898536591	1.0	0.7311834274	0.7261744356000001	0.9881422281000001	0.9879318081	0.9387165082000001	0.9887017256	0.7396266002	0.7142282623	0.7294241171
GCF_015912455.1:175	0.9969542363	0.9715818266	0.9796862596	0.9958861203	0.9742412797000001	0.9978025628	0.9796050596	0.9781648278	0.9790354385000001	0.9797383070000001	0.9809302072	0.9778224751000001	0.9796603123000001	0.9820854758	0.9797009123	0.9797120544000001	0.9901071825000001	0.9859688818000001	1.0	0.9701722738	0.9866610661	0.9866665608	0.9805518335000001	0.9869428240000001	0.9885599559	0.954066892	0.9856700291
GCF_015912465.1:176	0.9978798335000001	0.9720065659	0.9803720623000001	0.9965413726000001	0.9747393789000001	0.9984347413	0.9802003858	0.9777109993	0.979624692	0.9803338777	0.9815200624	0.9784034022	0.9802545832	0.9827801526000001	0.9803959276	0.9803092425000001	0.9910304794	0.9878008054	0.9786793164	1.0	0.9878964207	0.9882821155	0.9821764363000001	0.9884467094	0.9891174026	0.9705510878	0.9798156148
GCF_015912875.1:177	0.9998991875000001	0.9346706435000001	0.8176930645	0.8298227741	0.9375791248	0.9549329421	0.8161894949	0.8123881026	0.8153122331	0.8170708391	0.8162696686	0.8134592783	0.8169107184000001	0.8187964458	0.8174900786	0.8151786480000001	0.9914598517000001	0.9899759002	0.7330545358	0.7275924017000001	1.0	0.9895826293000001	0.9408668154000001	0.9899417669	0.7426741381	0.7157028731	0.73097841
GCF_015912895.1:178	0.9990451718000001	0.9337523023000001	0.8174717448000001	0.8297624635	0.9367536931	0.95432818	0.8161432882	0.812590302	0.8153114149	0.8170377732	0.8139580043	0.8134118535	0.8168612809	0.8164707518000001	0.8174305708	0.8151328808	0.9912375403	0.9900010730000001	0.7332333966	0.7280500113	0.9898185690000001	1.0	0.9401994908	0.9899524129	0.7417437081	0.7156418957	0.731342002
GCF_015912925.1:179	0.9927210578000001	0.9715167133	0.8498340283	0.8627487397	0.9750155867	0.9932966131000001	0.8484095496	0.844640036	0.847492907	0.8493694805	0.8461095818000001	0.8455539509000001	0.8491630017	0.8486517264000001	0.8496628916000001	0.8473526057	0.9869153379000001	0.9835662536	0.761908557	0.7565371424	0.9839933244000001	0.9830610268000001	1.0	0.9842976464000001	0.7711422288	0.7454851286	0.7598438873000001
GCF_015912945.1:180	0.9974492011	0.9329112943000001	0.8180656875000001	0.8303536469	0.9358953011000001	0.9535494015	0.8166321508000001	0.8133167008000001	0.8157576979000001	0.8175309412	0.8144261523	0.8139062349	0.8173544659	0.8169415203	0.8179228319	0.8156236717	0.9900884018	0.9887707796	0.7319568105	0.7267000185	0.9881771704000001	0.9879522464	0.9394801618	1.0	0.7417779637	0.7145841198	0.7300274674
GCF_015912975.1:181	0.9980210829	0.9730423347	0.9810521366	0.9970892678000001	0.9756481532000001	0.9988436548	0.9809918489	0.9797496807	0.9804267462	0.9811222456	0.9822927939	0.9792280939	0.9810460927	0.9834361448000001	0.9810856801000001	0.9810968613000001	0.9914578834000001	0.9873262876000001	0.9786205329000001	0.9706610463	0.9895581411000001	0.9880828302	0.9824568852000001	0.9901289854	1.0	0.9546978015	0.9762535988000001
GCF_015912985.1:182	0.9936400779000001	0.9679988474000001	0.9773864389	0.9940168531	0.9717758391	0.9953189670000001	0.9774118078	0.9757885110000001	0.9768266004	0.9775478916	0.9743548546	0.975580392	0.9774675568000001	0.9755426519	0.9775098383	0.9775226793	0.9903598157000001	0.988134712	0.978861124	0.9871180766000001	0.9883407952000001	0.9880210217000001	0.9843486377	0.9885579969	0.9894568705000001	1.0	0.9804836378
GCF_015912995.1:183	0.9985740655	0.9728788822000001	0.9810737512000001	0.9973340958	0.9755670163000001	0.9992472489	0.9809938768	0.9804500869	0.9804206514	0.9811274096	0.9823233794	0.9792068977	0.9810486084000001	0.9834784155	0.9810900021000001	0.9811021135	0.9915756262000001	0.98796702	0.9900497337	0.9756145424	0.9882383784000001	0.9884942524	0.9822398256	0.9887151718	0.9905509035000001	0.9598946148	1.0
